..μῖηὲ

..u-e.

7 7 7 . 7 7 7 .
ὢν»
,ὲηιν

7777

7777

κν,

K

,7 777

5575 hv d?

Ν
7

>777777M7m77

wmumwvmm..

,ααψψωψωΐ

7

7
7
7

7
7

7

7
7
7
7

7
7
7

7
7

7
7
7

7
7

7

7
7
7

7
7

7
7
ι
7
7

7

7
7
7
7
7

7
7
7
7

7

777> 7
,μήνῆ

77777777

7
7
7
7
7
7
7

)

’ἲ
7
1:

7
7
ιζ).
7
7
7
7

7777

7
7
7
7

7

7
7

7
7
7
7
7
7
7

7
7

7
7

7
7
7
7

7

7
7
7

{³73³
7:7⁸ ’
1²3³}
ιῲ» 7
'2’7’7
'717'7
'7 7 7 ⁴
7 ῳ,
2⁸3³?
717'71
7⁸:⁵7*
:›:··
2⁸1*ss
{33:12
'7:757’
7 ’ῳ

mmuh„
77n77vn
,ιι-νιν

»ιιι-ὕμνοι

ῃβψκνηηψῃκν

³7

7

7
ν

7
7
7
ι
7
7
7
7
7

»3

7
7

7
‚7
7⁵1
7
7
7
7
7
7
7
7
ι
7
7

mne».
hvkss

7775&-

7
Ι
727

7
7

7
7

7
7
7
7
7
7
ι

7

77777

'7

7
7

7
7
7
7
s
7
7
7
7
7

7
7

7
7
7
7
7
ι
7

μιμαην

77777

7
7

7
7

7
7
7

7
7

Ι
'7
ἶ

7
7
7
7

7
7
7
7
7
7
7
7

7
7

7
7
7

7
Ι
7
7
ι
ὶ
7⁷.
7
7
Ι
.
7
7
7
7
7

ι)

7
7

²2³

7
7

7
Ι

5,Ύῦ

7
7
75
7
ι
7

7
7
ι

7
7
7
7
7
7
7
7
7
ι
7
7
7
7
7
7
ι
7
7
7
7
7

ᾗ

7
7

7
7
7
7
7
3

7
7
7

‚7

7
7
7
7
7
7
7
7

μ

7

7
7
7
7

7
7

7

5».νηύ

7

ἶ»
7
7
7
7
7
7
'7
7. 7
ι’,
7
7
7

7
7

’7
³1
Ι

’.ἢ
7
7
7
7
7
7
7
ι
7‘

,ι’

'7

7
μ

7
7

7
7
7
7
7
³ss

7

7
7
7
7

7
7

7 77

7
7
>3
ο
7
7
7
μ

Ξί
Ι
.

.
,

b
7

7
7
7
7
7
)
7

ἦ

7
7
7
7

‘7

&mnu-7777

7‘7

7

7

.,

Ι

7
7
7

μ

³3

,ἦίλῖ

7
7
7

7
ἐξ

37

7
D
7

7
7

*7

7
7

ξδ’
»Ξῖ

Ι

7

7
ἱ

==3

ζ

’7

7
7

ὕ

7 7
7
7

,ι

Ι

,Ι

⁶7

7
ξ

7
7

7
7

’ζ

7
7

7
7
7
7
ι
7
7
Ν

777777·

'7

Q

Ξ
7
7
7
7
7
7

7
ι
7

w... ,ς
7 7 ‚777³ 7 ...7 ὕψει.

,οωωωψννω

 

ζ’
7’

t
ἵε
7
»ξ
5
7
7
7
Ι
.

ζ)

ὶ
7

,7'

7
7
7
7

’ἶ
7

7

Ι

Ι

ρ

ιζῖ

Ι

ὶ

.

7

7

7

1

7

7
7
7

7

7
7

7
γ

7
7

Ι
7
7’7
ζ’
ι
ἱ
7
7
7
7
ἱ
ι

7
7
7
7
7
7
7

7
7

7
7
7
7
7
7
7
7

ι)

7
7

‘7

7

7
,7

7
7

7
7
7
7
7

Ξ

ἴ
7
7

ι»

7
7

7
7

7
7
7

μ

7
7
7
7
7
)
,7
7
7
bt
7

Ι
’ἶ
.
.
7
7
57'

‘7

7

7
ι

Ι
³
7
³2³
ν’
,ε

.,

7
7
7
7
7
7
μ
7
7

7'

7
7
7

μ

7
7
ι

‘7

7

7
7
7
7
7
>
7
’ἶ
7
7
7
7
7
7
7

7
7

7
7
7
7

7
ὲ

7

1
Ι
7
7
7
7
ξ)
’ζ
'7
{3
,7‘
,7
7
7
)
Σ
Β
ῗΞ

’r'

7
7
7
7

7
7
7
7
7
7
7
7
7
7
7
7
7
7

7
7
7
7
7

ἒ).

7

ιλνᾱῆν

777777

7
7
7
7
7
7
7
7

’7

ἶ»

7
7
7
7
7
7
7
7

7
7
7
7
7
7
7
7
’ἶ
,ι
7
7
7
7
7
7
7

7
’ὅ
7

7
7

7

Ν

7
7

77

η,
³

7

7

7

,

7

7

7

7

7

‚7

7

’ἰ

7
7

’ἦ

7

ἒ
7
7
7²

7
7

7
7

7
ρ
7
7
7

7
ζ
7
7
7
7

μ

7’

7
Ι
ζ
ζ»
7
Ι
7
7
1
Ι
’ἔ
’ἶ
'7
'7
Ι
Ι
7
7
Ι
ξι
)ι

7
7

7
7

73
7
7
7
7
7

7
7

7

7
ι·

7
ι

7
7
7
7
7
7
7
7

ἶ)

7
7
7

ζ)

7

ᾗ

7

7 7

Ἶ
7
³}

ζ’

7'

,7

,ι

7

7

7
7
7

H

7
ι
7
7
7
7
7
7
7
7
7
7
7

7
7
7

7
7
ν’
:

7
7

»nabaaz

77777 7

7
7
7
7
7
7
7
7
7
7
7
7
7

ῃ

7

7
7
7

Ι
7
7
7
Ι
7
Ι
7
„7
7:
ἶ
›
7
’7
7
7
Ι
ὶ
Ι

7
7
ι

Ι
,
7
.
7
.
.
7
g!
13
7
7
7
7
’ἶ
7
7
7
7
,
7
Ι
7
7
7
7

7

7
7
ι

b

7
ι

7
7

ρ

7

7

7
7

7
7
7
7
7
7
7
7
7
7
7
7

7
7

ξ’»

7
7
7
7
7
7

7
ι

7
7
7
7
7
7
7

7
7
7

7
7

7
7
7
7
7
7
7
7
7
7

7
7
7

7
7

.
‚
7
.
7
‚
Ι
ῑῑῑ
‚
.

7

7

,7
>
.
,
.

'7

ι

7
)
7
7
Ι
θ»
’ἶ
7
7
7
7
7
7
7
7
7
7
7
7
7

7
7
7
7
,ι
7
‚7
7
tv:
7
7
7
7
7
7
7
7
7
7
7

3>

7
7

7
7

7
»ἶ
7
7
ο
7
7
7
7

7
7

7
7

7
7

7
7
7

7
7

Ι
D
Ι
Ϋι

7
a
7

7
7

7
7

7
,
,
.
:3
7
ζ»
Ι
,.
7
7
7
7
,.
7

7
7
7

7
7
7

7
7

7
7
7
7

77
7
7
7

7
7

7
7

7
7
7

,7
73}
,ι
Ι
θ
7
7
»ἶ
7
7
Ι
ι
θ
7
7
ὶ
7

7
7
7

7
7

7
7
7
7
7
7

7

7
7

.
,.
.
³:
ζ»
‚.
Ι
.
7
.
7
7

7
7
7
7
7
7

‚g

7
7

7
7
7
7
7
7

7
7

7
7
7
7
7
7
7
7
7
7
7

7
ι

7
7
7

'7'
7
’7

7
ζ»

7
7

7
7
»Ἰ
7
7

7

7
7
7

7
7

7
7
7
7
7
7
7
7
7

77
7
7
ι
7

7
7

7
7
7
7

7
7

